ο 142 ' 16661

Tegea urhs273433733 766111662114

’ 6162 Themis Caeli f.113, 1413;
Tegyrius31343 ’ 2511333135
Telamon 1 8 24, 916 7;264 Themis lli 1. 3 12 2 3

3; 3 12 67 76661661162697

7616111112 1 14 7116161616 1923
76166666 2462 716666666624116, 788
76166666 3 8 13 Thermodon fl. 1 3 23 2; 2 69
Teledioe 2 1 14 Thermydrae 2 6 11 8
Telegonus Aegypti rex 21 38 Thersander 3 7 2 2
Telegonus Protei 1. 2 6 9 14 Thersites 1 8 6
761666 1 9 169 Theseus 1 823, 9 16 8; 26
Telephassa3112 12 6, 6 3 4; 3 10 7 4 61 16
Telephi ara 1 8 63 11
Telephus 2 742; 3 9 14 Thesmophoria 15 13
76166 2 7 83 Thespiadae 2 7 6 618
Telesilla 3 6 66 7666616624106176
76166166 3 1268 Thesproti 2 7 6; 3 7 53
Teleutagoras 2 7 84 7116666116 1 7 23 6133, 97
761166111,1212 6110
Temenus 2 8 2 6 613 3 Thessalorum 66161116 1 7 6
76666 ins. 3 162 7116616166 2 7 8 9
Tereia 3 111 Thestiadae 1824617
7616663148 766611661772131062
Terpsichore 1 3 12 , Thetis 1 2 7, 3 6, 926 2; 35
7616616161662 786 13, 13 61
7611176113122 7661161662 7 89
76666131083, 1273 71116 1 13
766661 Scamandri 1. 3 12 1 2 Thiae 3 144
76661131212 Thiodamas 1 9 19; 2 77
Teutamias 2 4 4 2 Thoas Icarii 1. 3 10 6
Teuthrania 2 743 711666 Lemnius 13173 3642
766116662743, 3 9 13 711666 gigas 1 6 26
Thalia Gratia l 3 12 Thorioum 2 4 73
Thalia linsa 1 3 1 2 Thraces 2 6 9 13; 3 4 16116
Thalpius 3 10 8 4 4
Thamyris 1 33 Thracia l 6 311, 3173 2 6
7116666166. 26913ς31 16 1011 f
Thasus Neptuni 1. 3 1 1 4 Thrasius 2 6 11 6

' 76666666619169 Thrasymedes 1 3 93
Thaumas 1 26 Threpsippas 2 7 8
7116666 Danai 1. 2 1 6 7 Thriasius campus 3 14 14
7166661863;276;8412 71616661619263
71166616 1 84 Thyestes 2 4 66
Thebanae mulieres 3 62 Thymbris‘l 4 1 3
Thebani 36 Thyone 3 6 33
Thebe 366 , Thyreus 1 81

 

